1478873762000
1478783660000
1474377625000
1469172833000
1467970882000
1467285822000
1466784686000
1466699103000
1466443931000
1466160870000
1465572075000
1462895072000
1462191844000
1459957920000
1455724905000
1455724905000
1455617612000
1453977490000
1453806612000
1453371609000
1453322029000
1453322029000
1453131690000
1453131690000
1452768008000
1452248441000
1451902290000
1451560839000
1451381972000
1450887469000
1449855089000
1448623642000
1448022344000
1447950220000
1446748189000
1444919863000
1444723331000
1444660376000
1444295927000
1444204444000
1444123428000
1443772757000
1443690335000
1442995674000
1442909659000
1442824725000
1442479224000
1442327258000
1441958838000
1441873679000
1441788177000
1441700806000
1441356252000
1441266891000
1441094115000
1441011328000
1440749784000
1440663801000
1440490548000
1440080836000
1439885539000
1439806082000
1439540806000
1439368840000
1439279649000
1438954700000
1438873228000
1438849314000
1438675580000
1438173761000
1437639285000
1437572223000
1437465023000
1436950330000
1436884105000
1436536313000
1436520077000
1436436416000
1436170775000
1435307102000
1435220818000
1434368311000
1433927704000
1433839869000
1433493452000
1433416825000
1433256767000
1433153514000
1432729179000
1431527275000
1431358289000
1431090340000
1431001563000
1428581968000
1426162721000
1426083723000
1425905464000
1425035527000
1424783196000
1424343008000
1424265034000
1423838937000
1423489141000
1422633223000
1421432953000
1420800438000
1414511631000
1408718124000
1408277639000
1407760191000
1407251318000
1405528217000
1404309181000
1402668164000
